140 0.5424479166666667 0.3861111111111111 0.016145833333333335 0.014814814814814815
140 0.433203125 0.46338888888888885 0.009276041666666667 0.008675925925925925
98 0.5416875 0.3622962962962963 0.016838541666666665 0.02776851851851852
98 0.43247395833333335 0.4490648148148148 0.007807291666666666 0.015620370370370371
100 0.433328125 0.47662037037037036 0.009520833333333334 0.016055555555555556
100 0.18208333333333335 0.49958333333333327 0.009546875 0.017620370370370373
140 0.2025 0.4895370370370371 0.009479166666666667 0.009407407407407408
99 0.202171875 0.4762129629629629 0.008817708333333334 0.015675925925925926
36 0.5666145833333334 0.3909166666666667 0.024447916666666666 0.045092592592592594
116 0.568296875 0.425962962962963 0.030255208333333335 0.0162962962962963
140 0.5923020833333333 0.44165740740740744 0.006239583333333334 0.008814814814814815
99 0.59203125 0.42680555555555555 0.006421875 0.017620370370370373