32 0.957421875 0.36944444444444446 0.02890625 0.05
89 0.45298437500000005 0.1641111111111111 0.026796874999999998 0.042430555555555555
89 0.573140625 0.16672222222222224 0.028468749999999998 0.04465277777777778
89 0.7146484375 0.1637361111111111 0.028468749999999998 0.04168055555555556
89 0.8264296874999999 0.1607638888888889 0.030984374999999998 0.04613888888888889
89 0.6598046875 0.3847916666666667 0.010046875 0.02233333333333333
89 0.6018203125 0.3836805555555556 0.012140624999999999 0.020097222222222225
89 0.551375 0.37809722222222225 0.010046875 0.016374999999999997
89 0.5080390625 0.3713888888888889 0.01046875 0.016374999999999997
89 0.45968749999999997 0.36544444444444446 0.008375 0.01934722222222222
36 0.9518203125 0.3140833333333333 0.0330703125 0.05656944444444444