162 0.7359375 0.3907407407407407 0.028125 0.027777777777777776
119 0.73415625 0.3509351851851852 0.030729166666666665 0.05106481481481481
60 0.584765625 0.46608333333333335 0.009421875 0.018935185185185183
60 0.30104166666666665 0.49374074074074076 0.010692708333333334 0.017796296296296296
100 0.41086458333333337 0.4994537037037037 0.004958333333333333 0.008453703703703705
100 0.515796875 0.4938796296296296 0.005161458333333333 0.008453703703703705
98 0.5151875 0.48407407407407405 0.004348958333333333 0.008277777777777778
99 0.41638020833333333 0.48928703703703696 0.0034427083333333336 0.006472222222222222
10 0.37758854166666667 0.49283333333333335 0.005875 0.008814814814814815
60 0.3779427083333333 0.5029629629629631 0.0053124999999999995 0.008935185185185185
10 0.5463229166666667 0.4754537037037037 0.005875 0.008814814814814815