32 0.818359375 0.425 0.01796875 0.03333333333333333
89 0.459515625 0.2776388888888889 0.0229296875 0.03525
89 0.5456562500000001 0.2803888888888889 0.0192109375 0.03636111111111111
89 0.6445000000000001 0.27929166666666666 0.0210703125 0.034152777777777775
89 0.725375 0.2743333333333334 0.0229296875 0.03305555555555555
89 0.463546875 0.3938611111111111 0.0099140625 0.018722222222222223
89 0.5047578125000001 0.40268055555555554 0.011773437500000001 0.02313888888888889
89 0.5431796875 0.4059861111111111 0.005578125 0.014319444444444445
89 0.5887265625 0.4098333333333333 0.0074375 0.017625
89 0.6386171875 0.4120416666666667 0.008054687500000001 0.015430555555555555
36 0.8158515625 0.3850555555555556 0.024171875000000002 0.04076388888888889
125 0.9626171875 0.10797222222222222 0.074765625 0.13881944444444444