139 0.38697916666666665 0.41435185185185186 0.014583333333333334 0.01574074074074074
108 0.320265625 0.3224074074074074 0.04009895833333333 0.07321296296296295
47 0.3883645833333333 0.39401851851851855 0.014453125 0.026333333333333334
108 0.940921875 0.4704537037037037 0.037932291666666666 0.07257407407407407
36 0.9385729166666666 0.38791666666666663 0.05130208333333333 0.08862962962962963
109 0.9376666666666666 0.32337037037037036 0.05816145833333333 0.03788888888888889
99 0.770453125 0.512898148148148 0.009276041666666667 0.025518518518518517
36 0.5353854166666667 0.5346851851851853 0.010380208333333333 0.01412962962962963
107 0.52765625 0.5619722222222222 0.004635416666666667 0.009027777777777777
36 0.52103125 0.5607962962962962 0.007286458333333333 0.012953703703703703
88 0.47620312499999995 0.5070092592592593 0.009494791666666667 0.012953703703703703
110 0.5353333333333333 0.5233518518518518 0.010760416666666666 0.006472222222222222
99 0.19221354166666668 0.4564166666666667 0.009875 0.032685185185185185