64 0.77109375 0.47638888888888886 0.0140625 0.025
78 0.303015625 0.43154166666666666 0.025671875 0.04959722222222222
149 0.304390625 0.5154583333333334 0.024 0.11493055555555555
8 0.3384296875 0.4188055555555556 0.0176328125 0.02786111111111111
125 0.0921015625 0.2459722222222222 0.1420703125 0.10572222222222223
125 0.23582031250000002 0.24780555555555553 0.12142187499999998 0.10352777777777779
125 0.4276640625 0.24816666666666667 0.0912734375 0.10572222222222223
119 0.8103125 0.46770833333333334 0.019 0.04698611111111111
95 0.709953125 0.4967083333333333 0.0090859375 0.02276388888888889
47 0.9579609375 0.349125 0.0177578125 0.030097222222222223
141 0.3398984375 0.4440555555555556 0.01959375 0.017416666666666667