79 0.92890625 0.19620833333333335 0.053125 0.08408333333333333
40 0.932421875 0.11180555555555556 0.06171875 0.0875
149 0.32375 0.37501388888888887 0.021984375 0.11929166666666667
26 0.39837500000000003 0.42986111111111114 0.0478203125 0.03976388888888889
78 0.325484375 0.2869166666666667 0.027765625 0.050041666666666665
47 0.45834374999999994 0.32086111111111115 0.013500000000000002 0.03838888888888889
47 0.6052734375 0.369875 0.0104140625 0.029486111111111112
138 0.92709375 0.2804027777777778 0.05630468749999999 0.08775
112 0.9602578125000001 0.4146388888888889 0.0431953125 0.03730555555555556
36 0.8713046875 0.4243333333333333 0.0098515625 0.018972222222222224
99 0.8944218749999999 0.4396527777777778 0.0073828125 0.013611111111111112
98 0.9945468749999999 0.4435416666666667 0.007929687500000001 0.013611111111111112
78 0.9851875 0.4493472222222222 0.006867187499999999 0.01586111111111111
47 0.803734375 0.4467222222222222 0.0056640625 0.012305555555555554
47 0.8119140625 0.44099999999999995 0.00503125 0.012027777777777778
149 0.9840312499999999 0.47405555555555556 0.006 0.03126388888888889