89 0.482421875 0.20416666666666666 0.01796875 0.03333333333333333
154 0.7484140625 0.4187222222222223 0.0082265625 0.025597222222222223
62 0.7494453125 0.3906805555555556 0.0143984375 0.025597222222222223
89 0.5792265624999999 0.19504166666666667 0.018859375 0.03169444444444444
89 0.692875 0.18131944444444445 0.0205703125 0.03108333333333333
89 0.3913515625 0.2115 0.018859375 0.032916666666666664
89 0.29724218750000003 0.21637499999999998 0.017828125 0.03169444444444444
89 0.4324921875 0.38093055555555555 0.0078828125 0.014624999999999999
89 0.46797656249999997 0.3778888888888889 0.007539062500000001 0.014624999999999999
89 0.5022578125 0.37697222222222226 0.007539062500000001 0.015236111111111112
89 0.545796875 0.37240277777777775 0.007539062500000001 0.013402777777777779
89 0.5961953125 0.36569444444444443 0.0082265625 0.01584722222222222
78 0.5297734375 0.4911805555555555 0.0049140625 0.01038888888888889
149 0.53059375 0.46852777777777777 0.0046796875 0.027444444444444445