89 0.301953125 0.058333333333333334 0.02578125 0.05
89 0.1734375 0.06111111111111111 0.0265625 0.044444444444444446
89 0.046875 0.05625 0.0265625 0.04583333333333333
89 0.442578125 0.04861111111111111 0.02734375 0.05
112 0.291828125 0.35029166666666667 0.0984453125 0.052555555555555564
112 0.409625 0.34569444444444447 0.060343749999999995 0.04659722222222222
54 0.5626249999999999 0.28120833333333334 0.0249921875 0.045513888888888895
157 0.5641484375 0.315625 0.0243828125 0.022208333333333333
78 0.1916484375 0.39193055555555556 0.01496875 0.015319444444444443
27 0.130125 0.47268055555555555 0.021124999999999998 0.015680555555555555
149 0.36424218750000004 0.4690138888888889 0.0050859375 0.024611111111111108
78 0.3637421875 0.4476805555555555 0.0063515625000000004 0.010541666666666666
78 0.35943749999999997 0.48659722222222224 0.0084765625 0.016569444444444446
70 0.269046875 0.45069444444444445 0.0059296875 0.010041666666666667
36 0.3496171875 0.4557083333333333 0.0049453125 0.010041666666666667
70 0.3494765625 0.46649999999999997 0.006640625 0.009041666666666667
26 0.37928125 0.4740416666666667 0.0122890625 0.011041666666666667
125 0.32396875 0.4141388888888889 0.0309453125 0.025291666666666667