139 0.4 0.42083333333333334 0.014583333333333334 0.01574074074074074
108 0.34639583333333335 0.35705555555555557 0.033213541666666666 0.06668518518518518
47 0.40031770833333336 0.40221296296296294 0.012895833333333334 0.022231481481481484
36 0.8701927083333333 0.4105462962962963 0.045328125000000004 0.07780555555555556
108 0.8715625 0.48000925925925925 0.033213541666666666 0.061129629629629624
109 0.87 0.35600925925925925 0.049625 0.03125925925925926
110 0.5409166666666666 0.5195925925925926 0.010229166666666668 0.007842592592592594
36 0.5401145833333333 0.5313611111111111 0.008223958333333333 0.013555555555555557
36 0.527875 0.5559722222222223 0.005416666666666667 0.013555555555555557
107 0.534296875 0.5579351851851853 0.005416666666666667 0.008203703703703703
88 0.48294270833333336 0.5035462962962963 0.01103125 0.013555555555555557