74 0.5309895833333333 0.3712962962962963 0.0171875 0.02962962962962963
98 0.5323072916666667 0.4096296296296296 0.017640625 0.0337037037037037
36 0.5737760416666667 0.39731481481481484 0.03891145833333333 0.07005555555555555
116 0.5760000000000001 0.44949074074074075 0.04336458333333334 0.03077777777777778
140 0.5318125 0.43733333333333335 0.018630208333333335 0.01875925925925926
98 0.5420364583333334 0.5214537037037037 0.009729166666666667 0.017583333333333333
140 0.54228125 0.535962962962963 0.0095625 0.009083333333333334
140 0.25628645833333336 0.5005462962962963 0.01065625 0.012222222222222221
140 0.12771354166666668 0.4883148148148148 0.014093749999999999 0.014666666666666666
99 0.12861979166666665 0.46876851851851853 0.015458333333333333 0.025953703703703705
99 0.25659375 0.4863240740740741 0.009020833333333334 0.01450925925925926
99 0.019057291666666667 0.44872222222222224 0.009041666666666667 0.02238888888888889
140 0.01825 0.46852777777777777 0.008718749999999999 0.014925925925925928
140 0.20595312500000001 0.5081388888888888 0.004729166666666667 0.008407407407407407
98 0.20695312500000002 0.4935833333333334 0.004911458333333333 0.01746296296296296