47 0.6328125 0.34305555555555556 0.015625 0.027777777777777776
139 0.636109375 0.38293055555555555 0.018296875 0.01626388888888889
160 0.635671875 0.36590277777777774 0.0171328125 0.01575
160 0.7010859375 0.4639861111111111 0.019890625000000002 0.018847222222222224
87 0.7010859375 0.43998611111111113 0.0193125 0.030194444444444444
62 0.700578125 0.4885138888888889 0.019453124999999998 0.030722222222222224
36 0.523546875 0.5084027777777778 0.0055703125 0.010374999999999999
70 0.5232812499999999 0.5191527777777778 0.0044609375 0.009305555555555556
47 0.49710937499999996 0.5026111111111111 0.0040703125 0.007930555555555555
139 0.49759374999999995 0.5132916666666667 0.0046484375 0.004486111111111111
160 0.49749999999999994 0.5089861111111111 0.0044609375 0.00275
87 0.513296875 0.5251805555555555 0.0034921874999999996 0.004819444444444445