17 0.60625 0.4652777777777778 0.03125 0.05277777777777778
17 0.147265625 0.4409722222222222 0.03984375 0.06527777777777778
27 0.47301562500000005 0.5146944444444445 0.0084296875 0.013125
27 0.46171875 0.5176388888888889 0.006929687499999999 0.009902777777777778
27 0.44975 0.5181805555555555 0.005875 0.012041666666666666
27 0.44085937499999994 0.5167083333333333 0.006171875 0.01125
27 0.43332812499999995 0.5165694444444444 0.0055703125 0.010972222222222223
27 0.42572656249999996 0.5165694444444444 0.006625000000000001 0.010972222222222223
27 0.41653906249999995 0.5161666666666667 0.0051171875 0.008569444444444444
27 0.404796875 0.5153611111111112 0.0036171874999999997 0.006958333333333333
27 0.3949296875 0.5165694444444444 0.004671875000000001 0.007222222222222223
27 0.3861953125 0.5168333333333334 0.004671875000000001 0.008305555555555556