68 0.7893229166666667 0.45740740740740743 0.009895833333333333 0.03888888888888889
68 0.148140625 0.4479166666666667 0.008223958333333333 0.01925925925925926
99 0.11584375 0.41153703703703703 0.027885416666666666 0.054203703703703705
98 0.14754166666666665 0.4735925925925926 0.010229166666666668 0.020685185185185185
99 0.29528125000000005 0.47199074074074077 0.01003125 0.021037037037037035
98 0.5431197916666667 0.49231481481481487 0.01103125 0.021037037037037035
107 0.5430885416666666 0.47002777777777777 0.012437499999999999 0.02425
98 0.7891041666666666 0.5025740740740741 0.009078125 0.03796296296296296
98 0.7390520833333334 0.34881481481481486 0.030697916666666665 0.047453703703703706
44 0.7383854166666667 0.2977962962962963 0.028828125 0.04887962962962963
114 0.7390520833333334 0.3867777777777778 0.03870833333333333 0.023731481481481482