79 0.5651041666666666 0.4791666666666667 0.015625 0.026851851851851852
114 0.5622447916666666 0.5034351851851853 0.023609375 0.019037037037037036
37 0.5658124999999999 0.44584259259259257 0.020864583333333336 0.03660185185185185
43 0.5139270833333334 0.5056296296296297 0.01153125 0.01951851851851852
138 0.5129427083333333 0.5236018518518518 0.0095 0.01750925925925926
98 0.5128854166666666 0.5405925925925926 0.007994791666666666 0.015240740740740742
99 0.3491458333333333 0.5268981481481481 0.0069479166666666665 0.012148148148148148
43 0.349609375 0.4945648148148148 0.009036458333333334 0.012972222222222222
138 0.34885416666666663 0.5116574074074074 0.008458333333333333 0.014212962962962962
95 0.47344270833333335 0.5201018518518519 0.0039375 0.01338888888888889
112 0.46446875 0.5117407407407407 0.012359375 0.016055555555555556