162 0.8119791666666667 0.37083333333333335 0.0375 0.03425925925925926
119 0.809859375 0.32125925925925924 0.039552083333333335 0.060648148148148145
60 0.59834375 0.4715648148148148 0.011677083333333334 0.018453703703703705
60 0.2909375 0.4981944444444444 0.010848958333333332 0.022842592592592595
60 0.3776875 0.508824074074074 0.005604166666666666 0.009962962962962963
10 0.3774270833333333 0.49793518518518515 0.007427083333333333 0.011814814814814814
10 0.5538645833333333 0.48010185185185184 0.006385416666666667 0.009962962962962963
98 0.5212864583333333 0.4899444444444444 0.004302083333333333 0.008342592592592592
100 0.5212864583333333 0.4995648148148148 0.005604166666666666 0.008574074074074074
100 0.4129375 0.5061666666666667 0.005734375 0.008805555555555556
99 0.419125 0.4959722222222222 0.00378125 0.007879629629629629
95 0.41339583333333335 0.4956203703703704 0.0053437499999999995 0.0095