130 0.6984375 0.31666666666666665 0.0265625 0.06666666666666667
62 0.6976953124999999 0.20495833333333333 0.023304687499999997 0.045763888888888896
154 0.6974296875 0.2504722222222222 0.013546875 0.044319444444444446
92 0.5986640624999999 0.3918611111111111 0.013273437499999999 0.025527777777777778
89 0.416453125 0.34729166666666667 0.009210937499999999 0.015416666666666665
89 0.4547890625 0.34947222222222224 0.0083984375 0.012041666666666666
89 0.4971953125 0.3489861111111111 0.007046874999999999 0.013
89 0.5024765625 0.4002777777777778 0.0056875 0.010597222222222221
89 0.526109375 0.3993472222222222 0.0054921875000000005 0.011222222222222222
36 0.096703125 0.35147222222222224 0.033187499999999995 0.05595833333333333
70 0.0955625 0.40284722222222225 0.026320312499999998 0.042722222222222224