98 0.47890625 0.549074074074074 0.0109375 0.020370370370370372
60 0.4946927083333333 0.536861111111111 0.013067708333333334 0.020055555555555556
60 0.6079739583333333 0.3513055555555556 0.040088541666666665 0.07654629629629629
19 0.6088645833333334 0.27264814814814814 0.049588541666666666 0.07971296296296297
10 0.4943958333333333 0.5117870370370371 0.013067708333333334 0.024814814814814814
100 0.4792552083333333 0.5661574074074075 0.00771875 0.012138888888888888
100 0.26605208333333336 0.5423981481481481 0.007125 0.01425
99 0.2806875 0.5350462962962963 0.0066927083333333335 0.015240740740740742
95 0.11950520833333332 0.5277592592592593 0.009364583333333334 0.02259259259259259
60 0.11983854166666667 0.5025925925925926 0.011369791666666665 0.022194444444444444
10 0.12039583333333333 0.4790092592592593 0.013822916666666666 0.02259259259259259