138 0.7943359375 0.3423611111111111 0.026953125 0.043055555555555555
88 0.92421875 0.041666666666666664 0.1296875 0.08333333333333333
43 0.7953125 0.23125 0.040625 0.05416666666666667
47 0.501140625 0.3563611111111111 0.012687499999999999 0.03247222222222222
47 0.6277578125 0.38343055555555555 0.008117187500000001 0.02526388888888889
47 0.841 0.4313194444444445 0.0047890625 0.013027777777777779
36 0.897640625 0.41254166666666664 0.008171875 0.017527777777777778
112 0.979875 0.40034722222222224 0.04025 0.03958333333333333
78 0.4046796875 0.34444444444444444 0.01875 0.03888888888888889
149 0.4046796875 0.4079861111111111 0.0140625 0.08402777777777778
26 0.458390625 0.4440972222222222 0.033984375 0.025694444444444443
79 0.7950703125 0.28761111111111115 0.032359375 0.050194444444444444