140 0.5359375 0.3726851851851852 0.01875 0.017592592592592594
100 0.4220625 0.46841666666666665 0.010432291666666668 0.018185185185185186
100 0.15967708333333333 0.49177777777777776 0.010833333333333334 0.01712037037037037
140 0.18144270833333334 0.48143518518518524 0.010229166666666668 0.008555555555555556
140 0.5860625 0.43277777777777776 0.007052083333333333 0.013083333333333334
98 0.535015625 0.34502777777777777 0.019619791666666667 0.03270370370370371
98 0.4208072916666667 0.4390462962962963 0.009505208333333333 0.019074074074074077
99 0.5860625 0.41833333333333333 0.0064375 0.015805555555555555
99 0.181046875 0.46602777777777776 0.009505208333333333 0.020712962962962964
140 0.4211875 0.45428703703703704 0.010223958333333333 0.009583333333333333
116 0.5646197916666666 0.4137962962962963 0.030489583333333334 0.018509259259259257
36 0.5630364583333333 0.37727777777777777 0.027703125 0.04792592592592593