63 0.9393229166666667 0.19953703703703704 0.09114583333333333 0.1398148148148148
63 0.10865625 0.24810185185185185 0.05855729166666667 0.09368518518518519
161 0.10605208333333334 0.3227129629629629 0.055953125000000006 0.05551851851851852
107 0.5432708333333333 0.5083518518518518 0.015614583333333333 0.031231481481481478
161 0.9476302083333333 0.3047777777777778 0.08393229166666667 0.06824074074074074
60 0.9310416666666667 0.059564814814814813 0.07156770833333333 0.11912962962962963
10 0.46996875 0.5408981481481481 0.0055625 0.01087962962962963
60 0.4694114583333333 0.5511203703703704 0.005932291666666667 0.008240740740740741
100 0.4226770833333333 0.5504629629629629 0.004822916666666666 0.008898148148148148
19 0.45196875 0.5465462962962963 0.004927083333333334 0.008564814814814815
151 0.4515416666666667 0.5547407407407408 0.006427083333333333 0.005898148148148148