116 0.8299479166666667 0.17824074074074073 0.13489583333333333 0.10277777777777777
140 0.58046875 0.33564814814814814 0.030729166666666665 0.028703703703703703
98 0.580703125 0.28650925925925924 0.030901041666666667 0.054092592592592595
98 0.5590729166666667 0.5054074074074074 0.012359375 0.027046296296296297
98 0.12241666666666666 0.4538518518518519 0.008083333333333333 0.01859259259259259
99 0.1946770833333333 0.4508888888888889 0.011885416666666667 0.02112962962962963
140 0.12265625 0.47625 0.008557291666666666 0.016055555555555556
140 0.1946770833333333 0.4686388888888889 0.012833333333333334 0.016055555555555556
140 0.558359375 0.5227314814814814 0.012833333333333334 0.01437037037037037
74 0.58046875 0.2235462962962963 0.031375 0.054935185185185184
36 0.821734375 0.0625462962962963 0.124078125 0.12508333333333332