140 0.5901041666666667 0.26435185185185184 0.035416666666666666 0.032407407407407406
140 0.40546354166666665 0.44957407407407407 0.0153125 0.01313888888888889
140 0.632484375 0.42165740740740737 0.01003125 0.01361111111111111
140 0.08935416666666667 0.47937962962962966 0.012932291666666667 0.012666666666666666
100 0.045802083333333334 0.49345370370370367 0.015046875 0.025814814814814815
100 0.4059947916666667 0.4699907407407407 0.014255208333333333 0.023935185185185188
98 0.4045416666666667 0.43033333333333335 0.014520833333333334 0.023462962962962963
98 0.5889114583333334 0.2124351851851852 0.038114583333333334 0.06979629629629629
36 0.6680052083333333 0.2358148148148148 0.06365625 0.11112962962962962
116 0.6695260416666666 0.3208611111111111 0.07204166666666666 0.04133333333333333
99 0.6321718749999999 0.39947222222222223 0.011052083333333332 0.023712962962962963
99 0.13341145833333332 0.4912870370370371 0.008385416666666668 0.01490740740740741
99 0.08938541666666668 0.46249074074074076 0.013338541666666667 0.02100925925925926