115 0.87578125 0.3037037037037037 0.049479166666666664 0.03148148148148148
99 0.18463020833333335 0.45187962962962963 0.011333333333333334 0.02153703703703704
98 0.6656354166666667 0.4772314814814815 0.013677083333333334 0.02639814814814815
99 0.8658958333333333 0.5084907407407407 0.00703125 0.02362037037037037
36 0.7748489583333333 0.2004074074074074 0.046890625 0.0785
60 0.5879218749999999 0.5449629629629629 0.011958333333333333 0.019657407407407408
19 0.5876979166666667 0.5235 0.013765625 0.023268518518518518
19 0.5425677083333333 0.5371388888888889 0.006541666666666667 0.012037037037037037
19 0.41090104166666663 0.5423518518518519 0.005864583333333334 0.008824074074074073
60 0.35201041666666666 0.5347314814814814 0.005864583333333334 0.012037037037037037
60 0.41079166666666667 0.5497777777777778 0.004286458333333334 0.0060185185185185185
161 0.5433541666666667 0.5461666666666667 0.007671875 0.005212962962962963