116 0.8833333333333333 0.4810185185185185 0.051041666666666666 0.028703703703703703
98 0.6146458333333332 0.49807407407407406 0.010942708333333334 0.022231481481481484
98 0.7652760416666666 0.4862592592592592 0.021489583333333333 0.044453703703703704
98 0.7885260416666667 0.4959907407407407 0.0078125 0.027787037037037037
99 0.26160416666666664 0.4793148148148148 0.009770833333333334 0.019453703703703706
99 0.75453125 0.5202962962962963 0.00703125 0.022231481481481484
36 0.6318385416666668 0.3650462962962963 0.022661458333333332 0.04515740740740741
115 0.6887552083333334 0.4226018518518519 0.029260416666666667 0.019268518518518518
19 0.5679114583333333 0.530175925925926 0.010838541666666666 0.017342592592592593
60 0.56809375 0.5462314814814815 0.00903125 0.012203703703703703
60 0.37391145833333334 0.5369259259259259 0.006505208333333333 0.012842592592592591